$bgcolor: 0, 0, 35, 20, #87CEEB
$fgcolor: 0, 14, 22, 6, #FFCC5C
$fgcolor: 12, 5, 11, 5, green
$fgcolor: 17, 17, 1, 1, black
00550000000000000000000000000000000
0                     9 55        0
55 55   R              55555      0
0                        55       0
0                                 0
0             11    1             0
0            1111  1 4            0
0           1I 3  G  J1           0
0           I    P1   J           0
0                PJ               0
0 U              P                0
0                P                0
0                P                0
0                P                0
G               UP       3        0
1                P                0
1G      5        P   55           0
11    2 4        <   5   5        0
11 11111111111111111G             0
1111111111111111111111WWWWWWWWWWWWW
