$bgcolor: 0, 0, 35, 22, #87CEEB
00000000000000000000030000000000000
0                              9  0
11G          4 4                  0
1 1         5555  55 55 5         0
1 1              555555555        0
1           5   555               0
1 1    R  55 5555                 0
1 1                               0
1 18                              0
1 1I                              0
1 1          H1    1G             0
1 1          11VVVV11             0
1 1          111VV111             0
1 1          311VV111             0
1 1           11VV111             0
1 1          111VV1111            0
1 1G         111VV1111            0
1 11       11111VV11111           0
1UJ1      111111VV111111          0
1  1G    1111111VV1111111         0
1   2   1111111VVVV1111111        0
11111111111111VVVVVV111111111111111
