$extra: 1
$pattern: 7, 5, 1, 1, 10, 10, 1, 10, 10, 1
$pattern: 8, 5, 1, 2, 10, 9, 1, 9, 10, 2
$pattern: 9, 5, 1, 3, 10, 8, 1, 8, 10, 3
$pattern: 10, 5, 1, 4, 10, 7, 1, 7, 10, 4
$pattern: 11, 5, 1, 5, 10, 6, 1, 6, 10, 5
$pattern: 12, 5, 1, 6, 10, 5, 1, 5, 10, 6
$pattern: 13, 5, 1, 7, 10, 4, 1, 4, 10, 7
$pattern: 14, 5, 1, 8, 10, 3, 1, 3, 10, 8
$pattern: 15, 5, 1, 9, 10, 2, 1, 2, 10, 9
$pattern: 16, 5, 1, 10, 10, 1, 1, 1, 10, 10
$pattern: 7, 11, 4, 2
$pattern: 8, 13, 1, 13, 7, 3
$pattern: 7, 15, 1, 3, 5, 3
$pattern: 6, 17, 2, 5, 2, 3
$stonepattern: 1
11111111111111111111
1     31313131313111
1      3 3 3 3 3 3 1
1                  1
1                4 1
1=11111ЏЏЏЏЏЏЏЏЏЏ111
1=  31            81
1=                î1
1=                 1
1111111            1
1                  1
1      Џ           1
1                  1
1       Џ          1
1                111
1      Џ         131
1i                 1
1j    Џ            1
1  2               1
11111111111111111111